@CONVERTED_FROM_TEXT
@ITEM=1=Streptococcal_sore_throat
@ITEM=2=Esophagitis
@ITEM=3=Sprain_of_wrist
@ITEM=4=Osteoarthritis
@ITEM=5=Osteoporosis
@ITEM=6=Sprain_of_ankle
@ITEM=7=Ulcerative_colitis
@ITEM=8=Contact_dermatitis
@ITEM=9=Gastrointestinal_hemorrhage
@ITEM=10=Cystitis
@ITEM=11=Chronic_sinusitis
@ITEM=12=Emphysematous_bronchitis
@ITEM=13=Acute_bronchitis
@ITEM=14=Pulmonary_emphysema
@ITEM=15=Atrial_fibrillation
@ITEM=16=Coronary_arteriosclerosis
@ITEM=17=Cardiac_arrest
@ITEM=18=Otitis_media
@ITEM=19=Concussion_with_loss_of_consciousness
@ITEM=20=Concussion_with_no_loss_of_consciousness
@ITEM=21=Epilepsy
@ITEM=22=Cerebrovascular_accident
@ITEM=23=Anemia
@ITEM=24=Child_attention_deficit_disorder
@ITEM=25=Appendicitis
@ITEM=26=Concussion_injury_of_brain
@ITEM=27=Peptic_ulcer
@ITEM=28=Seizure_disorder
@ITEM=29=Tear_of_meniscus_of_knee
@ITEM=30=Perennial_allergic_rhinitis_with_seasonal_variation
@ITEM=31=Fracture_of_ankle
@ITEM=32=Acute_allergic_reaction
@ITEM=33=Laceration_of_foot
@ITEM=34=Acute_viral_pharyngitis
@ITEM=35=Laceration_of_hand
@ITEM=36=Escherichia_coli_urinary_tract_infection
@ITEM=37=Fracture_subluxation_of_wrist
@ITEM=38=Fracture_of_rib
@ITEM=39=Injury_of_tendon_of_the_rotator_cuff_of_shoulder
@ITEM=40=Rupture_of_patellar_tendon
@ITEM=41=Laceration_of_thigh
@ITEM=42=Laceration_of_forearm
@ITEM=43=Facial_laceration
@ITEM=44=Rupture_of_appendix
@ITEM=45=Whiplash_injury_to_neck
@ITEM=46=Closed_fracture_of_hip
@ITEM=47=Fracture_of_clavicle
@ITEM=48=Diverticular_disease
@ITEM=49=Fracture_of_forearm
@ITEM=50=Sinusitis
@ITEM=51=Polyp_of_colon
@ITEM=52=Acute_bacterial_sinusitis
@ITEM=53=First_degree_burn
@ITEM=54=Second_degree_burn
@ITEM=55=Third_degree_burn
@ITEM=56=Angiodysplasia_of_stomach
@ITEM=57=Myocardial_infarction
@ITEM=58=Injury_of_anterior_cruciate_ligament
@ITEM=59=Pathological_fracture_due_to_osteoporosis
@ITEM=60=Viral_sinusitis
13 -1 13 -1 37 -1 37 -1 18 -1 18 -1 13 -1 13 -1 34 -1 34 -1 34 -1 34 -1 14 -1 14 -1 20 -1 20 -1 13 -1 13 -1 4 -1 4 -1 60 -1 60 -1 60 -1 60 -1 60 -1 60 -1 54 -1 54 -1 16 -1 16 -1 34 -1 34 -1 36 -1 36 -1 22 -1 22 -1 60 -1 60 -1 3 -1 3 -1 57 -2
60 -1 60 -1 60 -1 60 -1 60 -1 60 -1 34 -1 34 -1 18 -1 18 -1 41 -1 41 -1 35 -1 35 -1 34 -1 34 -1 60 -1 60 -1 16 -1 16 -1 60 -1 60 -1 60 -1 60 -1 4 -1 4 -1 57 -2
47 -1 47 -1 60 -1 60 -1 18 -1 18 -1 6 -1 6 -1 13 -1 13 -1 60 -1 60 -1 35 -1 35 -1 34 -1 34 -1 42 -1 42 -1 60 -1 60 -1 27 -1 27 -1 13 -1 13 -1 13 -1 13 -1 56 -1 56 -1 7 -1 7 -1 51 -1 51 -1 34 -1 34 -1 4 -1 48 -1 4 -1 48 -1 60 -1 60 -1 13 -1 13 -1 34 -1 34 -1 16 -1 16 -1 47 -1 47 -1 57 -2
6 -1 6 -1 18 -1 18 -1 18 -1 18 -1 34 -1 34 -1 1 -1 1 -1 13 -1 13 -1 34 -1 34 -1 34 -1 34 -1 60 -1 60 -1 60 -1 60 -1 60 -1 60 -1 34 -1 34 -1 40 -1 40 -1 60 -1 60 -1 34 -1 34 -1 3 -1 3 -1 43 -1 43 -1 60 -1 60 -1 34 -1 34 -1 6 -1 6 -1 13 -1 13 -1 60 -1 60 -1 4 -1 4 -1 9 -1 9 -1 3 -1 3 -1 18 -1 18 -1 60 -1 60 -1 60 -1 60 -1 13 -1 13 -1 35 -1 35 -1 60 -1 60 -1 16 -1 16 -1 60 -1 60 -1 43 -1 43 -1 53 -1 53 -1 13 -1 13 -1 57 -2
60 -1 60 -1 38 -1 38 -1 34 -1 34 -1 60 -1 60 -1 4 -1 4 -1 9 -1 9 -1 3 -1 3 -1 60 -1 60 -1 52 -1 52 -1 13 -1 13 -1 60 -1 60 -1 34 -1 34 -1 60 -1 60 -1 60 -1 60 -1 33 -1 33 -1 39 -1 39 -1 13 -1 13 -1 6 -1 6 -1 52 -1 52 -1 34 -1 34 -1 34 -1 34 -1 13 -1 13 -1 37 -1 37 -1 60 -1 60 -1 13 -1 13 -1 16 -1 16 -1 13 -1 13 -1 57 -2
35 -1 35 -1 34 -1 34 -1 13 -1 13 -1 34 -1 34 -1 60 -1 60 -1 4 -1 4 -1 50 -1 50 -1 13 -1 13 -1 34 -1 34 -1 34 -1 34 -1 60 -1 60 -1 16 -1 16 -1 34 -1 34 -1 52 -1 52 -1 13 -1 13 -1 60 -1 60 -1 34 -1 34 -1 57 -2
13 -1 13 -1 18 -1 18 -1 13 -1 13 -1 1 -1 1 -1 45 -1 45 -1 16 -1 16 -1 13 -1 13 -1 60 -1 60 -1 41 -1 41 -1 54 -1 54 -1 60 -1 60 -1 4 -1 4 -1 34 -1 34 -1 3 -1 3 -1 57 -2
13 -1 13 -1 60 -1 60 -1 60 -1 60 -1 40 -1 40 -1 13 -1 13 -1 60 -1 60 -1 4 -1 4 -1 9 -1 9 -1 60 -1 60 -1 45 -1 45 -1 35 -1 35 -1 17 -1 17 -1 13 -1 13 -1 60 -1 60 -1 34 -1 34 -1 13 -1 13 -1 60 -1 60 -1 16 -1 16 -1 60 -1 60 -1 36 -1 36 -1 13 -1 13 -1 13 -1 13 -1 34 -1 34 -1 34 -1 34 -1 34 -1 34 -1 36 -1 36 -1 60 -1 60 -1 57 -2
13 -1 13 -1 18 -1 18 -1 34 -1 34 -1 18 -1 18 -1 1 -1 1 -1 24 -1 24 -1 60 -1 60 -1 42 -1 42 -1 16 -1 16 -1 52 -1 52 -1 60 -1 60 -1 13 -1 13 -1 6 -1 6 -1 57 -2
18 -1 18 -1 60 -1 60 -1 18 -1 18 -1 1 -1 1 -1 60 -1 60 -1 60 -1 60 -1 54 -1 54 -1 60 -1 60 -1 13 -1 13 -1 18 -1 18 -1 34 -1 34 -1 60 -1 60 -1 60 -1 60 -1 34 -1 34 -1 13 -1 13 -1 60 -1 60 -1 45 -1 45 -1 60 -1 60 -1 27 -1 27 -1 42 -1 42 -1 16 -1 16 -1 34 -1 34 -1 7 -1 7 -1 34 -1 34 -1 4 -1 48 -1 4 -1 48 -1 60 -1 60 -1 50 -1 50 -1 20 -1 20 -1 57 -2
18 -1 18 -1 34 -1 34 -1 60 -1 60 -1 13 -1 13 -1 60 -1 60 -1 13 -1 13 -1 1 -1 1 -1 34 -1 34 -1 50 -1 50 -1 11 -1 11 -1 34 -1 34 -1 33 -1 33 -1 13 -1 13 -1 13 -1 13 -1 34 -1 34 -1 34 -1 34 -1 60 -1 60 -1 13 -1 13 -1 4 -1 4 -1 52 -1 52 -1 60 -1 60 -1 1 -1 1 -1 16 -1 16 -1 57 -2
34 -1 34 -1 54 -1 54 -1 60 -1 60 -1 34 -1 34 -1 60 -1 60 -1 34 -1 34 -1 4 -1 4 -1 13 -1 13 -1 1 -1 1 -1 13 -1 13 -1 35 -1 35 -1 34 -1 34 -1 60 -1 60 -1 20 -1 20 -1 16 -1 16 -1 3 -1 3 -1 60 -1 60 -1 18 -1 18 -1 60 -1 60 -1 60 -1 60 -1 57 -2
18 -1 18 -1 60 -1 60 -1 13 -1 13 -1 6 -1 6 -1 52 -1 52 -1 11 -1 11 -1 47 -1 47 -1 13 -1 13 -1 34 -1 34 -1 20 -1 20 -1 13 -1 13 -1 60 -1 60 -1 60 -1 60 -1 34 -1 34 -1 13 -1 13 -1 34 -1 34 -1 33 -1 33 -1 60 -1 60 -1 4 -1 4 -1 13 -1 13 -1 18 -1 60 -1 18 -1 60 -1 42 -1 42 -1 16 -1 16 -1 17 -1 17 -1 60 -1 60 -1 60 -1 60 -1 60 -1 60 -1 57 -2
60 -1 60 -1 60 -1 60 -1 60 -1 60 -1 13 -1 34 -1 13 -1 34 -1 16 -1 16 -1 4 -1 4 -1 60 -1 60 -1 50 -1 50 -1 1 -1 1 -1 45 -1 45 -1 6 -1 6 -1 60 -1 60 -1 60 -1 60 -1 6 -1 6 -1 60 -1 60 -1 34 -1 34 -1 13 -1 13 -1 1 -1 1 -1 38 -1 38 -1 57 -2
60 -1 60 -1 6 -1 6 -1 54 -1 54 -1 60 -1 60 -1 34 -1 34 -1 4 -1 4 -1 60 -1 60 -1 45 -1 45 -1 52 -1 52 -1 42 -1 42 -1 10 -1 10 -1 60 -1 60 -1 34 -1 34 -1 34 -1 34 -1 6 -1 6 -1 17 -1 17 -1 16 -1 16 -1 60 -1 60 -1 57 -2
60 -1 60 -1 60 -1 60 -1 41 -1 41 -1 60 -1 60 -1 13 -1 13 -1 27 -1 27 -1 53 -1 53 -1 45 -1 45 -1 35 -1 35 -1 60 -1 60 -1 2 -1 2 -1 37 -1 37 -1 4 -1 4 -1 60 -1 60 -1 45 -1 45 -1 34 -1 34 -1 16 -1 16 -1 13 -1 13 -1 60 -1 60 -1 42 -1 42 -1 34 -1 34 -1 60 -1 60 -1 52 -1 52 -1 11 -1 11 -1 57 -2
18 -1 18 -1 60 -1 60 -1 34 -1 34 -1 60 -1 60 -1 13 -1 13 -1 49 -1 49 -1 35 -1 35 -1 24 -1 24 -1 34 -1 34 -1 42 -1 42 -1 13 -1 13 -1 20 -1 20 -1 13 -1 13 -1 34 -1 34 -1 20 -1 20 -1 34 -1 34 -1 6 -1 6 -1 4 -1 4 -1 13 -1 13 -1 13 -1 13 -1 57 -2
18 -1 18 -1 1 -1 1 -1 18 -1 18 -1 34 -1 34 -1 24 -1 24 -1 1 -1 1 -1 34 -1 34 -1 60 -1 60 -1 31 -1 31 -1 60 -1 60 -1 34 -1 34 -1 20 -1 20 -1 3 -1 3 -1 60 -1 60 -1 38 -1 38 -1 34 -1 34 -1 16 -1 16 -1 27 -1 27 -1 42 -1 42 -1 34 -1 34 -1 56 -1 56 -1 50 -1 50 -1 11 -1 11 -1 52 -1 52 -1 4 -1 48 -1 4 -1 48 -1 9 -1 9 -1 34 -1 34 -1 34 -1 34 -1 57 -2
13 -1 13 -1 60 -1 60 -1 20 -1 20 -1 60 -1 60 -1 47 -1 47 -1 60 -1 60 -1 24 -1 24 -1 29 -1 29 -1 60 -1 60 -1 34 -1 34 -1 13 -1 13 -1 34 -1 34 -1 60 -1 60 -1 60 -1 60 -1 4 -1 4 -1 60 -1 60 -1 34 -1 34 -1 16 -1 16 -1 60 -1 60 -1 57 -2
60 -1 60 -1 34 -1 34 -1 19 -1 19 -1 34 -1 34 -1 60 -1 60 -1 13 -1 13 -1 60 -1 60 -1 13 -1 13 -1 60 -1 60 -1 16 -1 16 -1 27 -1 27 -1 57 -2
13 -1 13 -1 31 -1 31 -1 60 -1 60 -1 1 -1 1 -1 13 -1 13 -1 20 -1 20 -1 33 -1 33 -1 34 -1 34 -1 35 -1 35 -1 60 -1 60 -1 13 -1 13 -1 35 -1 35 -1 60 -1 60 -1 4 -1 4 -1 13 -1 13 -1 60 -1 60 -1 60 -1 60 -1 16 -1 16 -1 60 -1 60 -1 57 -2
18 -1 18 -1 18 -1 18 -1 34 -1 34 -1 13 -1 13 -1 60 -1 60 -1 16 -1 16 -1 34 -1 34 -1 39 -1 39 -1 38 -1 38 -1 27 -1 27 -1 57 -2
34 -1 34 -1 34 -1 34 -1 60 -1 60 -1 1 -1 1 -1 40 -1 40 -1 34 -1 34 -1 13 -1 13 -1 33 -1 33 -1 60 -1 60 -1 34 -1 34 -1 6 -1 6 -1 34 -1 34 -1 4 -1 4 -1 60 -1 60 -1 20 -1 20 -1 16 -1 16 -1 52 -1 52 -1 11 -1 11 -1 52 -1 52 -1 50 -1 50 -1 34 -1 34 -1 41 -1 41 -1 1 -1 1 -1 34 -1 34 -1 3 -1 3 -1 13 -1 13 -1 60 -1 60 -1 1 -1 1 -1 53 -1 53 -1 13 -1 13 -1 34 -1 34 -1 38 -1 38 -1 38 -1 38 -1 57 -2
60 -1 60 -1 13 -1 13 -1 49 -1 49 -1 60 -1 60 -1 13 -1 13 -1 60 -1 60 -1 13 -1 13 -1 3 -1 3 -1 4 -1 4 -1 34 -1 34 -1 34 -1 34 -1 34 -1 34 -1 1 -1 1 -1 55 -1 55 -1 13 -1 13 -1 34 -1 34 -1 34 -1 34 -1 42 -1 42 -1 16 -1 16 -1 60 -1 60 -1 60 -1 60 -1 60 -1 60 -1 60 -1 60 -1 60 -1 60 -1 34 -1 34 -1 57 -2
60 -1 60 -1 13 -1 13 -1 60 -1 60 -1 3 -1 3 -1 39 -1 39 -1 60 -1 60 -1 34 -1 34 -1 50 -1 50 -1 4 -1 4 -1 1 -1 1 -1 13 -1 13 -1 34 -1 34 -1 35 -1 35 -1 60 -1 60 -1 60 -1 60 -1 13 -1 13 -1 18 -1 18 -1 16 -1 16 -1 18 -1 18 -1 34 -1 34 -1 1 -1 1 -1 57 -2
60 -1 60 -1 60 -1 60 -1 52 -1 52 -1 60 -1 60 -1 60 -1 60 -1 13 -1 13 -1 34 -1 34 -1 13 -1 13 -1 4 -1 4 -1 34 -1 34 -1 6 -1 6 -1 13 -1 13 -1 13 -1 13 -1 60 -1 60 -1 60 -1 60 -1 15 -1 15 -1 60 -1 60 -1 60 -1 60 -1 16 -1 16 -1 22 -1 22 -1 57 -2
6 -1 6 -1 3 -1 3 -1 50 -1 50 -1 31 -1 31 -1 60 -1 60 -1 34 -1 34 -1 60 -1 60 -1 13 -1 13 -1 45 -1 45 -1 16 -1 16 -1 60 -1 60 -1 60 -1 60 -1 50 -1 50 -1 11 -1 11 -1 53 -1 53 -1 31 -1 31 -1 1 -1 1 -1 1 -1 1 -1 13 -1 13 -1 4 -1 4 -1 13 -1 13 -1 6 -1 6 -1 34 -1 34 -1 34 -1 34 -1 34 -1 34 -1 34 -1 34 -1 57 -2
41 -1 41 -1 6 -1 6 -1 60 -1 60 -1 34 -1 34 -1 53 -1 53 -1 34 -1 34 -1 13 -1 13 -1 34 -1 34 -1 4 -1 4 -1 13 -1 13 -1 49 -1 49 -1 10 -1 10 -1 13 -1 13 -1 34 -1 34 -1 34 -1 34 -1 34 -1 34 -1 13 -1 13 -1 16 -1 16 -1 34 -1 34 -1 60 -1 60 -1 23 -1 23 -1 49 -1 49 -1 47 -1 47 -1 22 -1 22 -1 57 -2
34 -1 34 -1 1 -1 1 -1 60 -1 60 -1 13 -1 13 -1 60 -1 60 -1 13 -1 13 -1 13 -1 13 -1 4 -1 4 -1 9 -1 9 -1 34 -1 34 -1 1 -1 1 -1 34 -1 34 -1 60 -1 60 -1 60 -1 60 -1 53 -1 53 -1 3 -1 3 -1 13 -1 13 -1 36 -1 36 -1 13 -1 13 -1 13 -1 13 -1 36 -1 36 -1 60 -1 60 -1 60 -1 60 -1 13 -1 13 -1 16 -1 16 -1 57 -2
34 -1 34 -1 30 -1 30 -1 18 -1 18 -1 34 -1 34 -1 13 -1 13 -1 45 -1 45 -1 13 -1 13 -1 60 -1 60 -1 60 -1 60 -1 42 -1 42 -1 34 -1 34 -1 60 -1 60 -1 16 -1 16 -1 34 -1 34 -1 34 -1 34 -1 4 -1 4 -1 34 -1 34 -1 60 -1 60 -1 13 -1 13 -1 6 -1 6 -1 13 -1 13 -1 13 -1 13 -1 13 -1 13 -1 33 -1 33 -1 57 -2
34 -1 34 -1 18 -1 18 -1 60 -1 60 -1 18 -1 18 -1 60 -1 60 -1 60 -1 60 -1 13 -1 13 -1 1 -1 1 -1 34 -1 34 -1 60 -1 60 -1 16 -1 16 -1 60 -1 60 -1 13 -1 13 -1 27 -1 27 -1 60 -1 60 -1 56 -1 56 -1 2 -1 2 -1 4 -1 48 -1 4 -1 48 -1 1 -1 1 -1 60 -1 60 -1 34 -1 34 -1 43 -1 43 -1 33 -1 33 -1 57 -2
60 -1 60 -1 18 -1 18 -1 60 -1 60 -1 60 -1 60 -1 34 -1 34 -1 35 -1 35 -1 26 -1 26 -1 60 -1 60 -1 60 -1 60 -1 60 -1 60 -1 34 -1 34 -1 13 -1 13 -1 4 -1 4 -1 50 -1 50 -1 60 -1 60 -1 16 -1 16 -1 33 -1 33 -1 57 -2
13 -1 13 -1 18 -1 18 -1 3 -1 3 -1 45 -1 45 -1 52 -1 52 -1 11 -1 11 -1 32 -1 32 -1 1 -1 1 -1 34 -1 34 -1 60 -1 60 -1 16 -1 16 -1 31 -1 31 -1 25 -1 25 -1 31 -1 31 -1 13 -1 13 -1 60 -1 60 -1 4 -1 4 -1 60 -1 60 -1 34 -1 34 -1 60 -1 60 -1 34 -1 34 -1 57 -2
1 -1 1 -1 34 -1 34 -1 18 -1 18 -1 45 -1 45 -1 34 -1 34 -1 13 -1 13 -1 60 -1 60 -1 24 -1 24 -1 60 -1 60 -1 60 -1 60 -1 54 -1 54 -1 6 -1 6 -1 18 -1 18 -1 1 -1 1 -1 34 -1 34 -1 34 -1 34 -1 60 -1 60 -1 13 -1 13 -1 60 -1 60 -1 34 -1 34 -1 60 -1 60 -1 37 -1 37 -1 13 -1 13 -1 53 -1 53 -1 50 -1 50 -1 11 -1 11 -1 33 -1 33 -1 4 -1 4 -1 60 -1 60 -1 34 -1 34 -1 16 -1 16 -1 42 -1 42 -1 57 -2
18 -1 18 -1 60 -1 60 -1 34 -1 34 -1 16 -1 16 -1 27 -1 27 -1 13 -1 13 -1 34 -1 34 -1 34 -1 34 -1 13 -1 13 -1 56 -1 56 -1 51 -1 51 -1 4 -1 4 -1 9 -1 9 -1 60 -1 60 -1 13 -1 13 -1 41 -1 41 -1 13 -1 13 -1 34 -1 34 -1 57 -2
54 -1 54 -1 60 -1 60 -1 60 -1 60 -1 34 -1 34 -1 60 -1 60 -1 60 -1 60 -1 60 -1 60 -1 34 -1 34 -1 45 -1 45 -1 47 -1 47 -1 34 -1 34 -1 16 -1 16 -1 57 -2
60 -1 60 -1 13 -1 13 -1 18 -1 18 -1 18 -1 18 -1 18 -1 18 -1 34 -1 34 -1 31 -1 31 -1 34 -1 34 -1 33 -1 33 -1 60 -1 60 -1 60 -1 60 -1 19 -1 19 -1 16 -1 16 -1 4 -1 4 -1 60 -1 60 -1 13 -1 13 -1 57 -2
18 -1 18 -1 35 -1 35 -1 60 -1 60 -1 60 -1 60 -1 34 -1 34 -1 34 -1 34 -1 60 -1 60 -1 42 -1 42 -1 34 -1 34 -1 16 -1 16 -1 17 -1 17 -1 34 -1 34 -1 25 -1 44 -1 25 -1 44 -1 60 -1 60 -1 13 -1 13 -1 60 -1 60 -1 34 -1 34 -1 43 -1 43 -1 4 -1 4 -1 57 -2
18 -1 18 -1 60 -1 60 -1 18 -1 18 -1 60 -1 60 -1 16 -1 16 -1 18 -1 18 -1 3 -1 3 -1 20 -1 20 -1 60 -1 60 -1 50 -1 50 -1 11 -1 11 -1 8 -1 8 -1 20 -1 20 -1 13 -1 13 -1 60 -1 60 -1 4 -1 4 -1 34 -1 34 -1 52 -1 52 -1 23 -1 23 -1 60 -1 60 -1 60 -1 60 -1 34 -1 34 -1 13 -1 13 -1 34 -1 34 -1 19 -1 19 -1 45 -1 45 -1 13 -1 13 -1 13 -1 13 -1 57 -2
16 -1 16 -1 60 -1 60 -1 57 -2
18 -1 18 -1 52 -1 52 -1 60 -1 60 -1 16 -1 16 -1 60 -1 60 -1 60 -1 60 -1 34 -1 34 -1 34 -1 34 -1 1 -1 1 -1 13 -1 13 -1 45 -1 45 -1 34 -1 34 -1 60 -1 60 -1 4 -1 4 -1 60 -1 60 -1 60 -1 60 -1 34 -1 34 -1 50 -1 50 -1 13 -1 13 -1 60 -1 60 -1 57 -2
18 -1 18 -1 18 -1 18 -1 34 -1 34 -1 18 -1 18 -1 34 -1 34 -1 6 -1 6 -1 33 -1 33 -1 60 -1 60 -1 34 -1 34 -1 1 -1 1 -1 13 -1 13 -1 34 -1 34 -1 6 -1 6 -1 13 -1 13 -1 16 -1 16 -1 60 -1 60 -1 4 -1 4 -1 60 -1 60 -1 13 -1 13 -1 57 -2
43 -1 43 -1 60 -1 60 -1 6 -1 6 -1 6 -1 6 -1 60 -1 60 -1 60 -1 60 -1 16 -1 16 -1 60 -1 60 -1 60 -1 60 -1 17 -1 17 -1 60 -1 60 -1 20 -1 20 -1 42 -1 42 -1 60 -1 60 -1 4 -1 4 -1 34 -1 34 -1 57 -2
20 -1 20 -1 34 -1 34 -1 20 -1 20 -1 60 -1 60 -1 1 -1 1 -1 60 -1 60 -1 60 -1 60 -1 34 -1 34 -1 10 -1 10 -1 34 -1 34 -1 4 -1 4 -1 1 -1 1 -1 34 -1 34 -1 34 -1 34 -1 31 -1 31 -1 60 -1 60 -1 60 -1 60 -1 60 -1 60 -1 16 -1 16 -1 13 -1 13 -1 45 -1 45 -1 60 -1 60 -1 60 -1 60 -1 57 -2
34 -1 34 -1 4 -1 4 -1 34 -1 34 -1 60 -1 60 -1 34 -1 34 -1 13 -1 13 -1 6 -1 6 -1 39 -1 39 -1 34 -1 34 -1 53 -1 53 -1 5 -1 5 -1 60 -1 60 -1 49 -1 59 -1 49 -1 59 -1 33 -1 33 -1 60 -1 60 -1 34 -1 34 -1 60 -1 60 -1 13 -1 13 -1 13 -1 13 -1 16 -1 16 -1 34 -1 34 -1 34 -1 34 -1 57 -2
60 -1 60 -1 60 -1 60 -1 60 -1 60 -1 13 -1 13 -1 60 -1 60 -1 34 -1 34 -1 4 -1 4 -1 60 -1 60 -1 60 -1 60 -1 60 -1 60 -1 60 -1 60 -1 34 -1 34 -1 34 -1 34 -1 6 -1 6 -1 34 -1 34 -1 22 -1 22 -1 13 -1 13 -1 50 -1 50 -1 11 -1 11 -1 16 -1 16 -1 34 -1 34 -1 57 -2
49 -1 49 -1 60 -1 60 -1 60 -1 60 -1 13 -1 13 -1 13 -1 13 -1 41 -1 41 -1 25 -1 25 -1 13 -1 13 -1 60 -1 60 -1 4 -1 4 -1 60 -1 60 -1 34 -1 34 -1 60 -1 60 -1 34 -1 34 -1 13 -1 13 -1 20 -1 20 -1 16 -1 16 -1 57 -2
1 -1 1 -1 39 -1 39 -1 60 -1 60 -1 1 -1 1 -1 13 -1 13 -1 34 -1 34 -1 6 -1 6 -1 60 -1 60 -1 34 -1 34 -1 34 -1 34 -1 60 -1 60 -1 4 -1 4 -1 9 -1 9 -1 12 -1 12 -1 60 -1 60 -1 1 -1 1 -1 60 -1 60 -1 16 -1 16 -1 57 -2
34 -1 34 -1 1 -1 1 -1 60 -1 60 -1 3 -1 3 -1 47 -1 47 -1 60 -1 60 -1 52 -1 52 -1 42 -1 42 -1 50 -1 50 -1 60 -1 60 -1 60 -1 60 -1 13 -1 13 -1 60 -1 60 -1 4 -1 4 -1 9 -1 9 -1 60 -1 60 -1 34 -1 34 -1 16 -1 16 -1 57 -2
50 -1 50 -1 34 -1 34 -1 13 -1 13 -1 34 -1 34 -1 60 -1 60 -1 60 -1 60 -1 13 -1 13 -1 60 -1 60 -1 60 -1 60 -1 34 -1 34 -1 60 -1 60 -1 60 -1 60 -1 4 -1 4 -1 34 -1 34 -1 60 -1 60 -1 60 -1 60 -1 13 -1 13 -1 33 -1 33 -1 34 -1 34 -1 49 -1 49 -1 13 -1 13 -1 60 -1 60 -1 16 -1 16 -1 60 -1 60 -1 57 -2
18 -1 18 -1 60 -1 60 -1 46 -1 46 -1 60 -1 60 -1 13 -1 13 -1 3 -1 3 -1 60 -1 60 -1 6 -1 6 -1 60 -1 60 -1 60 -1 60 -1 35 -1 35 -1 34 -1 34 -1 3 -1 3 -1 60 -1 60 -1 13 -1 13 -1 60 -1 60 -1 60 -1 60 -1 60 -1 60 -1 13 -1 13 -1 1 -1 1 -1 60 -1 60 -1 13 -1 13 -1 4 -1 4 -1 9 -1 9 -1 60 -1 60 -1 13 -1 13 -1 60 -1 60 -1 60 -1 60 -1 60 -1 60 -1 60 -1 60 -1 13 -1 13 -1 60 -1 60 -1 60 -1 60 -1 34 -1 34 -1 60 -1 60 -1 16 -1 16 -1 34 -1 34 -1 60 -1 60 -1 45 -1 45 -1 60 -1 60 -1 34 -1 34 -1 57 -2
6 -1 6 -1 6 -1 6 -1 47 -1 47 -1 49 -1 49 -1 60 -1 60 -1 42 -1 42 -1 13 -1 13 -1 4 -1 4 -1 1 -1 1 -1 34 -1 34 -1 60 -1 60 -1 13 -1 13 -1 34 -1 34 -1 60 -1 60 -1 60 -1 60 -1 16 -1 16 -1 34 -1 34 -1 57 -2
35 -1 35 -1 3 -1 3 -1 1 -1 1 -1 34 -1 34 -1 6 -1 6 -1 60 -1 60 -1 13 -1 13 -1 20 -1 20 -1 18 -1 18 -1 52 -1 52 -1 12 -1 12 -1 60 -1 60 -1 4 -1 4 -1 60 -1 60 -1 13 -1 13 -1 13 -1 13 -1 60 -1 60 -1 45 -1 45 -1 45 -1 45 -1 60 -1 60 -1 16 -1 16 -1 60 -1 60 -1 57 -2
60 -1 60 -1 22 -1 22 -1 13 -1 13 -1 34 -1 34 -1 60 -1 60 -1 60 -1 60 -1 6 -1 6 -1 60 -1 60 -1 49 -1 49 -1 60 -1 60 -1 52 -1 52 -1 11 -1 11 -1 60 -1 60 -1 16 -1 16 -1 31 -1 31 -1 35 -1 35 -1 5 -1 5 -1 13 -1 13 -1 13 -1 13 -1 34 -1 34 -1 43 -1 43 -1 57 -2
1 -1 1 -1 60 -1 60 -1 1 -1 1 -1 24 -1 24 -1 21 -1 28 -1 21 -1 28 -1 34 -1 34 -1 60 -1 60 -1 60 -1 60 -1 60 -1 60 -1 13 -1 13 -1 39 -1 39 -1 34 -1 34 -1 4 -1 4 -1 60 -1 60 -1 34 -1 34 -1 60 -1 60 -1 60 -1 60 -1 13 -1 13 -1 37 -1 37 -1 58 -1 58 -1 13 -1 13 -1 16 -1 16 -1 60 -1 60 -1 34 -1 34 -1 57 -2
13 -1 13 -1 60 -1 60 -1 18 -1 18 -1 18 -1 18 -1 13 -1 13 -1 38 -1 38 -1 13 -1 13 -1 60 -1 60 -1 13 -1 13 -1 10 -1 10 -1 60 -1 60 -1 60 -1 60 -1 42 -1 42 -1 27 -1 27 -1 56 -1 56 -1 20 -1 20 -1 7 -1 7 -1 2 -1 2 -1 34 -1 34 -1 4 -1 4 -1 9 -1 9 -1 19 -1 19 -1 16 -1 16 -1 60 -1 60 -1 57 -2
53 -1 53 -1 18 -1 18 -1 60 -1 60 -1 60 -1 60 -1 16 -1 16 -1 60 -1 60 -1 60 -1 60 -1 18 -1 18 -1 31 -1 31 -1 39 -1 39 -1 42 -1 42 -1 60 -1 60 -1 4 -1 4 -1 34 -1 34 -1 34 -1 34 -1 34 -1 34 -1 60 -1 60 -1 57 -2
41 -1 41 -1 34 -1 34 -1 13 -1 13 -1 60 -1 60 -1 13 -1 13 -1 60 -1 60 -1 45 -1 45 -1 34 -1 34 -1 1 -1 1 -1 41 -1 41 -1 20 -1 20 -1 4 -1 4 -1 33 -1 33 -1 34 -1 34 -1 34 -1 34 -1 13 -1 13 -1 60 -1 60 -1 60 -1 60 -1 60 -1 60 -1 52 -1 52 -1 11 -1 11 -1 60 -1 60 -1 16 -1 16 -1 34 -1 34 -1 57 -2
45 -1 45 -1 13 -1 13 -1 6 -1 6 -1 34 -1 34 -1 60 -1 60 -1 60 -1 60 -1 13 -1 13 -1 52 -1 52 -1 34 -1 34 -1 35 -1 35 -1 4 -1 4 -1 16 -1 16 -1 57 -2
60 -1 60 -1 41 -1 41 -1 34 -1 34 -1 27 -1 27 -1 20 -1 20 -1 13 -1 13 -1 7 -1 7 -1 2 -1 2 -1 4 -1 48 -1 4 -1 48 -1 13 -1 13 -1 43 -1 43 -1 34 -1 34 -1 34 -1 34 -1 58 -1 58 -1 1 -1 1 -1 13 -1 13 -1 52 -1 52 -1 13 -1 13 -1 34 -1 34 -1 60 -1 60 -1 13 -1 13 -1 16 -1 16 -1 57 -2
60 -1 60 -1 60 -1 60 -1 60 -1 60 -1 34 -1 34 -1 18 -1 18 -1 60 -1 60 -1 34 -1 34 -1 60 -1 60 -1 34 -1 34 -1 13 -1 13 -1 34 -1 34 -1 20 -1 20 -1 13 -1 13 -1 1 -1 1 -1 1 -1 1 -1 13 -1 13 -1 4 -1 4 -1 16 -1 16 -1 57 -2
13 -1 13 -1 1 -1 1 -1 60 -1 60 -1 60 -1 60 -1 13 -1 13 -1 60 -1 60 -1 16 -1 16 -1 4 -1 4 -1 9 -1 9 -1 60 -1 60 -1 57 -2
24 -1 24 -1 60 -1 60 -1 13 -1 13 -1 60 -1 60 -1 47 -1 47 -1 60 -1 60 -1 53 -1 53 -1 13 -1 13 -1 27 -1 27 -1 1 -1 1 -1 3 -1 3 -1 54 -1 54 -1 60 -1 60 -1 56 -1 56 -1 7 -1 7 -1 4 -1 4 -1 9 -1 9 -1 13 -1 13 -1 60 -1 60 -1 16 -1 16 -1 13 -1 13 -1 57 -2
34 -1 34 -1 13 -1 13 -1 3 -1 3 -1 1 -1 1 -1 60 -1 60 -1 34 -1 34 -1 34 -1 34 -1 60 -1 60 -1 60 -1 60 -1 13 -1 13 -1 1 -1 1 -1 4 -1 4 -1 13 -1 13 -1 52 -1 52 -1 20 -1 20 -1 3 -1 3 -1 34 -1 34 -1 60 -1 60 -1 16 -1 16 -1 13 -1 13 -1 60 -1 60 -1 60 -1 60 -1 60 -1 60 -1 57 -2
18 -1 18 -1 16 -1 16 -1 18 -1 18 -1 18 -1 18 -1 33 -1 33 -1 60 -1 60 -1 60 -1 60 -1 34 -1 34 -1 18 -1 18 -1 34 -1 34 -1 60 -1 60 -1 27 -1 27 -1 33 -1 33 -1 34 -1 34 -1 60 -1 60 -1 60 -1 60 -1 60 -1 60 -1 60 -1 60 -1 7 -1 7 -1 2 -1 2 -1 51 -1 51 -1 4 -1 4 -1 60 -1 60 -1 60 -1 60 -1 35 -1 35 -1 60 -1 60 -1 13 -1 13 -1 15 -1 15 -1 57 -2
1 -1 1 -1 34 -1 34 -1 13 -1 13 -1 3 -1 3 -1 1 -1 1 -1 27 -1 27 -1 2 -1 2 -1 4 -1 4 -1 9 -1 9 -1 60 -1 60 -1 34 -1 34 -1 35 -1 35 -1 60 -1 60 -1 34 -1 34 -1 60 -1 60 -1 60 -1 60 -1 16 -1 16 -1 13 -1 13 -1 57 -2
18 -1 18 -1 18 -1 18 -1 60 -1 60 -1 19 -1 19 -1 34 -1 34 -1 50 -1 50 -1 11 -1 11 -1 34 -1 34 -1 13 -1 13 -1 60 -1 60 -1 1 -1 1 -1 13 -1 13 -1 27 -1 27 -1 13 -1 13 -1 34 -1 34 -1 56 -1 56 -1 7 -1 7 -1 2 -1 2 -1 4 -1 4 -1 9 -1 9 -1 34 -1 34 -1 13 -1 13 -1 34 -1 34 -1 34 -1 34 -1 16 -1 16 -1 60 -1 60 -1 34 -1 34 -1 34 -1 34 -1 13 -1 13 -1 57 -2
